==> 0175029_Tetramethyl.pdbqt.pdbqt_log.log <==
# 455-461                                                       #
#                                                               #
# DOI 10.1002/jcc.21334                                         #
#                                                               #
# Please see http://vina.scripps.edu for more information.      #
#################################################################

WARNING: The search space volume > 27000 Angstrom^3 (See FAQ)
Output will be 0175029_Tetramethyl.pdbqt_out.pdbqt
Detected 8 CPUs
Reading input ... 
==> 10074640_Masitinib.pdbqt.pdbqt_log.log <==
-----+------------+----------+----------
   1         -7.7      0.000      0.000
   2         -7.7     21.606     25.009
   3         -7.6     21.322     24.410
   4         -7.6     20.575     23.265
   5         -7.6     23.443     26.874
   6         -7.5     23.896     27.278
   7         -7.4     20.734     24.056
   8         -7.3     20.712     24.103
   9         -7.1      5.930     13.621
Writing output ... done.

==> 101808841_CandidaspongiolideA.pdbqt.pdbqt_log.log <==
-----+------------+----------+----------
   1         -7.6      0.000      0.000
   2         -7.4      2.062      5.734
   3         -6.8      2.318      6.331
   4         -6.8      3.195      6.562
   5         -6.6      3.333      7.160
   6         -6.4      3.334      7.677
   7         -6.3      3.077      5.982
   8         -6.2      4.009      8.490
   9         -6.1     24.280     29.001
Writing output ... done.

==> 101808842_CandidaspongiolideB.pdbqt.pdbqt_log.log <==
-----+------------+----------+----------
   1         -7.6      0.000      0.000
   2         -7.4     16.798     19.365
   3         -7.3      2.211      5.543
   4         -7.3      2.177      5.683
   5         -7.2     34.850     37.595
   6         -6.9     28.446     31.532
   7         -6.8      2.624      6.496
   8         -6.7     35.049     37.889
   9         -6.7     16.178     20.115
Writing output ... done.

==> 102471178_CandidaspongiolideCore.pdbqt.pdbqt_log.log <==
-----+------------+----------+----------
   1         -7.6      0.000      0.000
   2         -7.1     15.481     18.038
   3         -6.9     21.469     25.516
   4         -6.8     15.489     18.309
   5         -6.7      3.118      4.458
   6         -6.6     34.521     37.064
   7         -6.6     21.502     26.740
   8         -6.5     15.695     18.912
   9         -6.3     15.598     19.409
Writing output ... done.

==> 10281_Thymoquinone.pdbqt.pdbqt_log.log <==
-----+------------+----------+----------
   1         -6.5      0.000      0.000
   2         -6.1      1.052      4.785
   3         -6.1     10.634     12.826
   4         -5.8     11.890     13.928
   5         -5.8     12.239     14.038
   6         -5.4     14.044     15.966
   7         -5.2      1.689      4.994
   8         -4.9     14.295     16.373
   9         -4.7     27.138     29.405
Writing output ... done.

==> 10288191_Binimetinib.pdbqt.pdbqt_log.log <==
-----+------------+----------+----------
   1         -6.0      0.000      0.000
   2         -5.8     30.037     32.322
   3         -5.8     31.929     35.117
   4         -5.7     24.038     27.069
   5         -5.7     23.866     27.103
   6         -5.7     43.284     45.224
   7         -5.7      1.877      2.185
   8         -5.6     25.323     28.492
   9         -5.6     31.052     32.237
Writing output ... done.

==> 10639_Physcion.pdbqt.pdbqt_log.log <==
-----+------------+----------+----------
   1         -8.2      0.000      0.000
   2         -8.1      1.101      5.700
   3         -7.5      2.030      5.880
   4         -7.3      2.406      4.141
   5         -6.6     17.460     20.818
   6         -6.6      1.572      6.047
   7         -6.5     13.749     15.700
   8         -6.5      2.308      7.077
   9         -6.4      2.689      3.885
Writing output ... done.

==> 10940649_MilnamideD.pdbqt.pdbqt_log.log <==
-----+------------+----------+----------
   1         -7.2      0.000      0.000
   2         -7.1     24.121     26.877
   3         -6.9     20.229     23.396
   4         -6.4     24.108     26.910
   5         -6.1     44.857     46.899
   6         -6.1     20.387     22.609
   7         -6.0     38.783     40.704
   8         -5.8     23.844     28.627
   9         -5.7     21.906     24.314
Writing output ... done.

==> 11167602_Regorafenib.pdbqt.pdbqt_log.log <==
-----+------------+----------+----------
   1         -8.3      0.000      0.000
   2         -7.9      5.588     11.479
   3         -7.8      5.248     11.830
   4         -7.6      1.888      3.201
   5         -7.2      4.753     12.176
   6         -7.0      1.989      2.430
   7         -6.9     35.152     37.569
   8         -6.9     17.050     20.554
   9         -6.8     23.048     24.258
Writing output ... done.

==> 114778_Kahweol.pdbqt.pdbqt_log.log <==
-----+------------+----------+----------
   1         -6.4      0.000      0.000
   2         -6.2      8.173     11.872
   3         -5.8     11.273     13.166
   4         -5.8     23.169     25.131
   5         -5.7     24.103     27.890
   6         -5.4     12.326     14.443
   7         -5.3      9.616     13.277
   8         -5.3      3.733      5.776
   9         -5.3     33.228     36.786
Writing output ... done.

==> 1174_Uracil.pdbqt.pdbqt_log.log <==
-----+------------+----------+----------
   1         -4.2      0.000      0.000
   2         -3.6     24.186     24.480
   3         -3.5     29.111     30.000
   4         -3.5     23.483     23.924
   5         -3.4     23.448     24.369
   6         -3.4     24.547     25.627
   7         -3.3     13.851     14.750
   8         -3.3     38.250     39.277
   9         -3.3     36.956     37.829
Writing output ... done.

==> 122178712_SalternamideA.pdbqt.pdbqt_log.log <==
-----+------------+----------+----------
   1         -6.4      0.000      0.000
   2         -5.8     10.109     13.093
   3         -5.4     33.947     42.255
   4         -5.3     15.006     19.860
   5         -5.3     33.976     41.947
   6         -5.1     32.054     34.209
   7         -5.0     39.080     42.978
   8         -5.0     41.839     45.885
   9         -4.9     32.604     34.528
Writing output ... done.

==> 122180587_TripolinolateA.pdbqt.pdbqt_log.log <==
-----+------------+----------+----------
   1         -6.0      0.000      0.000
   2         -5.7     17.120     20.294
   3         -5.6     13.562     15.459
   4         -5.5      3.656      8.032
   5         -5.5     15.909     19.145
   6         -5.5      4.021      7.607
   7         -5.3     16.821     19.952
   8         -5.3     12.867     14.836
   9         -5.1     22.029     23.953
Writing output ... done.

==> 135403648_CalciumFolinate.pdbqt.pdbqt_log.log <==
-----+------------+----------+----------
   1         -7.5      0.000      0.000
   2         -7.4      1.630      2.287
   3         -6.9     26.217     27.415
   4         -6.6     15.268     19.824
   5         -6.6      2.285      3.109
   6         -6.4     36.150     37.830
   7         -6.3     26.721     27.763
   8         -6.3     36.673     38.572
   9         -6.2     20.095     23.153
Writing output ... done.

==> 135423438_Nintedanib.pdbqt.pdbqt_log.log <==
-----+------------+----------+----------
   1         -9.0      0.000      0.000
   2         -8.9      2.541      3.386
   3         -7.8      2.666      3.292
   4         -7.5     35.693     38.691
   5         -7.5     34.620     36.889
   6         -7.4     19.908     23.334
   7         -7.3     19.372     24.105
   8         -7.2     35.345     37.983
   9         -7.2     20.083     24.968
Writing output ... done.

==> 14132199_RiccardinD.pdbqt.pdbqt_log.log <==
-----+------------+----------+----------
   1         -8.0      0.000      0.000
   2         -8.0      8.343     12.450
   3         -7.8     19.185     21.453
   4         -7.8      4.718      9.750
   5         -7.7      3.715      8.141
   6         -7.7     31.844     35.937
   7         -7.4     29.723     33.025
   8         -7.2     30.156     31.919
   9         -7.2     12.788     14.138
Writing output ... done.

==> 146026348_FluorouracilMononitrate.pdbqt.pdbqt_log.log <==
-----+------------+----------+----------
   1         -4.4      0.000      0.000
   2         -4.0     18.765     20.194
   3         -3.9     36.901     37.766
   4         -3.8      1.858      2.494
   5         -3.8     35.324     36.407
   6         -3.8     30.508     31.826
   7         -3.7     30.134     31.337
   8         -3.7     36.419     37.378
   9         -3.6     18.454     19.233
Writing output ... done.

==> 179268_Nortopsentin.pdbqt.pdbqt_log.log <==
-----+------------+----------+----------
   1         -8.1      0.000      0.000
   2         -7.6     21.013     22.562
   3         -7.5      2.218      2.786
   4         -7.5     21.066     21.863
   5         -7.4     20.698     21.864
   6         -7.3     20.887     22.495
   7         -7.3     25.446     27.973
   8         -7.2     21.089     22.581
   9         -7.0     25.551     28.083
Writing output ... done.

==> 21574552_Mertensene.pdbqt.pdbqt_log.log <==
-----+------------+----------+----------
   1         -4.4      0.000      0.000
   2         -4.3     28.273     29.999
   3         -4.3     29.851     31.662
   4         -4.2     12.265     13.349
   5         -4.1     24.831     26.042
   6         -4.0      2.455      5.066
   7         -3.9     25.543     27.666
   8         -3.9     54.514     55.806
   9         -3.9     24.150     25.484
Writing output ... done.

==> 222284_BetaSitosterol.pdbqt.pdbqt_log.log <==
-----+------------+----------+----------
   1         -8.8      0.000      0.000
   2         -8.7      4.644      7.298
   3         -8.6      1.048      2.058
   4         -8.3     18.056     19.571
   5         -7.9      3.636     10.048
   6         -7.8     24.133     28.961
   7         -7.8     24.710     26.776
   8         -7.7     24.161     27.203
   9         -7.6      6.507     11.645
Writing output ... done.

==> 25023738_BI-D-1870.pdbqt.pdbqt_log.log <==
-----+------------+----------+----------
   1         -6.2      0.000      0.000
   2         -6.1     10.208     14.362
   3         -5.8     25.439     27.913
   4         -5.6     23.702     25.569
   5         -5.6     31.915     34.188
   6         -5.5     24.358     26.631
   7         -5.4     23.720     25.704
   8         -5.3     24.941     28.037
   9         -5.3     27.925     30.662
Writing output ... done.

==> 26879_Levamisole.pdbqt.pdbqt_log.log <==
-----+------------+----------+----------
   1         -5.0      0.000      0.000
   2         -4.9     12.040     13.920
   3         -4.6     13.180     14.721
   4         -4.5     15.294     16.677
   5         -4.4     29.019     30.657
   6         -4.2     29.414     30.258
   7         -4.0      3.523      4.214
   8         -3.9     36.672     38.640
   9         -3.9     38.176     39.538
Writing output ... done.

==> 27924_Phorbol.pdbqt.pdbqt_log.log <==
-----+------------+----------+----------
   1         -6.0      0.000      0.000
   2         -5.9      1.714      2.621
   3         -5.8      1.610      2.490
   4         -5.3     30.002     34.628
   5         -5.3     22.407     26.942
   6         -5.2     31.081     35.877
   7         -5.1     19.302     23.081
   8         -5.1     31.902     36.978
   9         -5.0     17.707     21.571
Writing output ... done.

==> 2Methylcholine.pdbqt.pdbqt_log.log <==
-----+------------+----------+----------
   1         -3.8      0.000      0.000
   2         -3.6      4.163      5.090
   3         -3.6      3.146      4.228
   4         -3.5      3.324      4.597
   5         -3.5      2.898      3.614
   6         -3.4      5.321      6.920
   7         -3.4      5.481      6.544
   8         -3.3      7.979      9.057
   9         -3.3     16.740     17.615
Writing output ... done.

==> 3035817_K252a.pdbqt.pdbqt_log.log <==
-----+------------+----------+----------
   1         -8.2      0.000      0.000
   2         -7.9     31.885     35.357
   3         -7.9      1.985      3.285
   4         -7.8     32.702     36.607
   5         -7.4     23.641     28.218
   6         -7.4     30.751     34.764
   7         -7.3     26.575     30.042
   8         -7.3      2.183      5.389
   9         -7.2     25.521     29.699
Writing output ... done.

==> 3136_Dimethoxy.pdbqt.pdbqt_log.log <==
-----+------------+----------+----------
   1         -4.4      0.000      0.000
   2         -4.4     14.435     15.699
   3         -4.3     40.651     43.036
   4         -4.3     52.994     54.425
   5         -4.2     15.998     18.393
   6         -4.2     15.194     17.286
   7         -4.2     44.846     46.739
   8         -4.1     42.703     44.063
   9         -4.1     42.938     44.318
Writing output ... done.

==> 326_Cuminaldehyde.pdbqt_log.log <==
-----+------------+----------+----------
   1         -6.3      0.000      0.000
   2         -6.2      8.048      9.897
   3         -5.3     10.927     12.742
   4         -5.1     12.436     14.134
   5         -5.0     14.855     16.349
   6         -4.8     27.186     28.186
   7         -4.7     19.644     20.427
   8         -4.7     19.403     20.377
   9         -4.7     15.594     16.515
Writing output ... done.

==> 3363_5FluorouracilDeoxyriboside.pdbqt.pdbqt_log.log <==
-----+------------+----------+----------
   1         -5.1      0.000      0.000
   2         -5.0     26.330     29.037
   3         -4.9     12.295     14.171
   4         -4.7     28.837     30.787
   5         -4.6     35.314     37.723
   6         -4.6     10.835     13.366
   7         -4.5     14.832     16.896
   8         -4.5     33.906     36.949
   9         -4.4      1.932      2.234
Writing output ... done.

==> 3385_5Fluorouracil.pdbqt.pdbqt_log.log <==
-----+------------+----------+----------
   1         -4.4      0.000      0.000
   2         -4.4     22.683     23.504
   3         -4.3     21.702     22.541
   4         -4.1      2.638      3.497
   5         -4.1     23.174     24.006
   6         -4.0     23.895     24.774
   7         -4.0     36.125     36.769
   8         -3.9      5.266      6.023
   9         -3.9     24.361     25.194
Writing output ... done.

==> 342374_SipholenolA.pdbqt.pdbqt_log.log <==
-----+------------+----------+----------
   1         -7.6      0.000      0.000
   2         -7.5      1.417      2.060
   3         -6.8     41.477     44.843
   4         -6.7     10.811     16.593
   5         -6.6     29.412     33.138
   6         -6.5      6.395     10.672
   7         -6.3     10.178     16.020
   8         -6.3     28.342     32.240
   9         -6.1     29.029     32.521
Writing output ... done.

==> 43806_Diaminocyclohexane.pdbqt.pdbqt_log.log <==
-----+------------+----------+----------
   1         -4.1      0.000      0.000
   2         -4.0     24.158     24.513
   3         -4.0     24.120     24.578
   4         -3.9      8.386      9.458
   5         -3.9     18.181     19.003
   6         -3.8     23.560     23.881
   7         -3.8     28.365     29.420
   8         -3.8      1.952      3.511
   9         -3.7     22.525     23.713
Writing output ... done.

==> 44234954_SipholenolL.pdbqt.pdbqt_log.log <==
-----+------------+----------+----------
   1         -7.1      0.000      0.000
   2         -6.9      5.046      9.758
   3         -6.8     21.371     24.781
   4         -6.6     22.430     25.567
   5         -6.5     23.253     26.422
   6         -6.2     33.665     36.324
   7         -6.2      6.886      9.797
   8         -6.2     33.769     35.854
   9         -6.0      1.669      2.130
Writing output ... done.

==> 442793_6gingerol.pdbqt.pdbqt_log.log <==
-----+------------+----------+----------
   1         -6.8      0.000      0.000
   2         -6.8     16.725     17.703
   3         -6.3      3.001     11.515
   4         -6.3     23.169     25.226
   5         -6.1     17.822     20.578
   6         -5.8      6.396      9.805
   7         -5.7     36.565     38.049
   8         -5.6     36.293     37.654
   9         -5.5     36.372     38.142
Writing output ... done.

==> 44423609_SipholenoneA.pdbqt.pdbqt_log.log <==
-----+------------+----------+----------
   1         -7.3      0.000      0.000
   2         -7.0     24.070     27.169
   3         -6.9     25.349     28.244
   4         -6.7     22.998     25.875
   5         -6.6     19.576     23.083
   6         -6.6     29.293     31.908
   7         -6.4     24.984     28.023
   8         -6.3     31.778     34.315
   9         -6.3      5.360     10.444
Writing output ... done.

==> 445154_Resveratrol.pdbqt.pdbqt_log.log <==
-----+------------+----------+----------
   1         -7.7      0.000      0.000
   2         -6.8      6.540      9.437
   3         -6.6      5.621      8.565
   4         -5.9     10.944     13.988
   5         -5.9     28.224     29.149
   6         -5.7     11.640     14.383
   7         -5.6      6.734      9.459
   8         -5.6      8.388     10.995
   9         -5.5     15.640     17.914
Writing output ... done.

==> 448438_Violaxanthin.pdbqt.pdbqt_log.log <==
-----+------------+----------+----------
   1         -6.5      0.000      0.000
   2         -6.5     21.538     26.130
   3         -6.5     12.194     19.033
   4         -6.4      9.659     16.371
   5         -6.3      3.000      5.726
   6         -6.3      6.917     11.314
   7         -6.3     11.926     18.716
   8         -6.3     14.357     21.663
   9         -6.2     11.700     18.715
Writing output ... done.

==> 490561_Nocardiopsis.pdbqt.pdbqt_log.log <==
-----+------------+----------+----------
   1         -8.0      0.000      0.000
   2         -7.8      6.799      9.684
   3         -7.6      7.279     11.469
   4         -7.5     23.277     24.830
   5         -7.1      2.187      4.501
   6         -7.0      7.361     11.572
   7         -6.9      6.470     11.464
   8         -6.9     24.176     26.871
   9         -6.7     29.395     31.299
Writing output ... done.

==> 50922675_Encorafenib.pdbqt.pdbqt_log.log <==
-----+------------+----------+----------
   1         -7.2      0.000      0.000
   2         -7.2     39.495     41.847
   3         -6.9      4.601      6.867
   4         -6.3      4.243      8.935
   5         -6.3      4.624      8.135
   6         -6.2      6.708     10.800
   7         -6.2      5.104      8.556
   8         -6.2      3.771      4.793
   9         -6.1      5.306      9.378
Writing output ... done.

==> 5109870_Ethoxyphenyl.pdbqt.pdbqt_log.log <==
-----+------------+----------+----------
   1         -7.5      0.000      0.000
   2         -7.2     35.462     37.275
   3         -7.2     33.498     36.025
   4         -7.2     22.685     26.616
   5         -7.0     35.058     37.294
   6         -6.9     33.497     34.988
   7         -6.8     20.720     24.405
   8         -6.6      9.777     13.786
   9         -6.6     34.855     38.100
Writing output ... done.

==> 5280445_Luteolin.pdbqt.pdbqt_log.log <==
-----+------------+----------+----------
   1         -7.3      0.000      0.000
   2         -7.0      3.388      4.679
   3         -7.0     20.881     21.767
   4         -6.7      1.443      7.312
   5         -6.7     21.332     22.893
   6         -6.4     20.156     21.630
   7         -6.4     20.639     22.090
   8         -6.3     11.004     13.636
   9         -6.3     22.461     23.906
Writing output ... done.

==> 5281224_Astaxanthin.pdbqt.pdbqt_log.log <==
-----+------------+----------+----------
   1         -7.4      0.000      0.000
   2         -7.0     24.079     32.091
   3         -6.6     25.263     31.788
   4         -6.5     31.483     35.948
   5         -6.5     39.243     44.943
   6         -6.3     36.929     43.939
   7         -6.3     28.527     35.791
   8         -6.2     33.370     38.984
   9         -6.0     38.337     44.137
Writing output ... done.

==> 5281239_Fucoxanthin.pdbqt.pdbqt_log.log <==
-----+------------+----------+----------
   1         -6.2      0.000      0.000
   2         -6.1     20.044     23.761
   3         -6.1     24.053     29.300
   4         -6.0     12.974     19.312
   5         -5.9      5.852     10.482
   6         -5.9     17.593     27.102
   7         -5.8     21.641     27.765
   8         -5.7     10.019     16.481
   9         -5.5      8.446     15.939
Writing output ... done.

==> 5281416_Esculetin.pdbqt.pdbqt_log.log <==
-----+------------+----------+----------
   1         -6.5      0.000      0.000
   2         -6.2      3.304      4.741
   3         -5.8      2.670      3.739
   4         -5.5     16.939     18.025
   5         -5.4      4.131      6.277
   6         -5.2      5.800      7.472
   7         -4.9     17.852     17.906
   8         -4.9      6.645      8.080
   9         -4.8     26.067     27.306
Writing output ... done.

==> 5281698_sexangularetin.pdbqt.pdbqt_log.log <==
-----+------------+----------+----------
   1         -8.4      0.000      0.000
   2         -7.8      2.344      3.359
   3         -7.3      2.545      4.839
   4         -7.2      4.226      8.765
   5         -6.3     11.879     16.018
   6         -6.1     12.249     14.608
   7         -6.1      4.952      9.667
   8         -6.0     20.592     21.632
   9         -6.0     20.143     21.598
Writing output ... done.

==> 5289155_Peridinin.pdbqt.pdbqt_log.log <==
-----+------------+----------+----------
   1         -7.0      0.000      0.000
   2         -6.8     15.596     24.463
   3         -6.7     14.817     27.986
   4         -6.6     23.309     34.648
   5         -6.6     11.666     26.280
   6         -6.5     26.908     38.431
   7         -6.5      4.472     17.958
   8         -6.5      5.098      7.662
   9         -6.4     15.920     19.051
Writing output ... done.

==> 5318517_Andrographolide.pdbqt.pdbqt_log.log <==
-----+------------+----------+----------
   1         -7.2      0.000      0.000
   2         -7.0      3.201      5.858
   3         -6.8      3.173      4.293
   4         -6.6     14.066     15.809
   5         -6.5      3.468      6.319
   6         -6.4     31.981     33.831
   7         -6.4      3.477      8.887
   8         -6.2     27.926     30.165
   9         -6.2     14.891     21.002
Writing output ... done.

==> 5326018_Caulerpin.pdbqt.pdbqt_log.log <==
-----+------------+----------+----------
   1         -7.3      0.000      0.000
   2         -7.3     23.242     25.881
   3         -7.2     26.816     27.824
   4         -7.2     23.212     26.455
   5         -7.1     26.187     29.669
   6         -7.0      0.508      7.802
   7         -6.9     43.173     44.576
   8         -6.8     43.214     44.458
   9         -6.8     13.898     17.275
Writing output ... done.

==> 5350_Sulforaphane.pdbqt.pdbqt_log.log <==
-----+------------+----------+----------
   1         -3.7      0.000      0.000
   2         -3.4      6.230      6.957
   3         -3.4     22.086     23.221
   4         -3.3     21.822     22.750
   5         -3.3     15.398     17.601
   6         -3.3     29.063     30.889
   7         -3.2     21.343     22.466
   8         -3.1     43.826     45.455
   9         -3.1     36.846     38.490
Writing output ... done.

==> 5357283_Methylferulate.pdbqt.pdbqt_log.log <==
-----+------------+----------+----------
   1         -6.2      0.000      0.000
   2         -5.8      1.773      6.856
   3         -5.8      3.811      5.768
   4         -5.3      3.233      5.699
   5         -5.2     27.758     28.959
   6         -5.2     27.192     28.962
   7         -5.2      4.430      7.280
   8         -5.1      4.325      7.540
   9         -5.1     27.688     30.263
Writing output ... done.

==> 5358691_Yuanhuacine.pdbqt.pdbqt_log.log <==
-----+------------+----------+----------
   1         -7.0      0.000      0.000
   2         -6.9     21.563     23.568
   3         -6.8      7.647     12.747
   4         -6.7      3.756      7.326
   5         -6.7     22.393     26.312
   6         -6.7      5.752     11.237
   7         -6.6      4.032      6.803
   8         -6.6      9.706     14.260
   9         -6.5     23.226     26.593
Writing output ... done.

==> 5386_Tegafur.pdbqt.pdbqt_log.log <==
-----+------------+----------+----------
   1         -5.3      0.000      0.000
   2         -4.8      5.323      5.696
   3         -4.6     22.039     22.930
   4         -4.4     22.027     23.154
   5         -4.4     35.843     36.917
   6         -4.3     22.612     23.351
   7         -4.3     31.172     32.616
   8         -4.2     20.906     21.630
   9         -4.2     46.230     47.224
Writing output ... done.

==> 5470187_Zerumbone.pdbqt.pdbqt_log.log <==
-----+------------+----------+----------
   1         -6.2      0.000      0.000
   2         -5.9      4.147      6.589
   3         -5.7     32.221     34.371
   4         -5.7      9.702     12.042
   5         -5.7      9.414     11.639
   6         -5.6     33.920     36.009
   7         -5.5      6.958      8.618
   8         -5.5     32.756     34.766
   9         -5.3     27.608     29.497
Writing output ... done.

==> 5azacytidine.pdbqt.pdbqt_log.log <==
-----+------------+----------+----------
   1         -6.6      0.000      0.000
   2         -5.7      9.919     12.309
   3         -5.0      4.567      6.524
   4         -5.0     13.436     15.696
   5         -5.0      7.116     10.366
   6         -5.0     10.458     12.713
   7         -4.9      7.412     10.144
   8         -4.7     37.660     38.932
   9         -4.7      4.152      5.640
Writing output ... done.

==> 60953_Capecitabine.pdbqt.pdbqt_log.log <==
-----+------------+----------+----------
   1         -8.1      0.000      0.000
   2         -7.9     31.993     33.878
   3         -7.5      2.658      4.184
   4         -7.0     33.571     35.415
   5         -7.0      3.282      9.434
   6         -6.9      3.351      9.537
   7         -6.8     36.316     38.167
   8         -6.8     34.513     36.332
   9         -6.8      2.703      9.876
Writing output ... done.

==> 6223_Gliotoxin.pdbqt.pdbqt_log.log <==
-----+------------+----------+----------
   1         -5.7      0.000      0.000
   2         -5.7     36.174     37.629
   3         -5.6     21.910     23.986
   4         -5.6     36.026     37.461
   5         -5.3     24.202     25.859
   6         -5.3     42.601     44.230
   7         -5.3      4.147      5.336
   8         -5.3     45.349     46.921
   9         -5.2      9.371     12.123
Writing output ... done.

==> 6256_Trifluridine.pdbqt.pdbqt_log.log <==
-----+------------+----------+----------
   1         -6.6      0.000      0.000
   2         -5.9     34.262     35.023
   3         -5.6     34.210     36.222
   4         -5.5      3.022      4.065
   5         -5.5     34.761     36.262
   6         -5.5     21.017     23.167
   7         -5.4     27.273     29.307
   8         -5.4     35.542     38.493
   9         -5.3      4.293      5.772
Writing output ... done.

==> 6323266_Tipiracil.pdbqt.pdbqt_log.log <==
-----+------------+----------+----------
   1         -6.5      0.000      0.000
   2         -5.9      3.405      6.009
   3         -5.5     26.620     27.683
   4         -5.4      4.199      6.583
   5         -4.9     33.470     35.655
   6         -4.9     25.299     26.492
   7         -4.7     23.224     24.799
   8         -4.6     12.261     13.440
   9         -4.5     15.271     15.881
Writing output ... done.

==> 6325056_Deoxyelephantopin.pdbqt.pdbqt_log.log <==
-----+------------+----------+----------
   1         -6.0      0.000      0.000
   2         -5.9     19.958     23.497
   3         -5.9     34.802     37.870
   4         -5.9     12.563     14.809
   5         -5.8     29.177     31.494
   6         -5.8      7.253     11.494
   7         -5.8     35.537     37.259
   8         -5.6     19.626     24.172
   9         -5.5     34.826     36.886
Writing output ... done.

==> 641785_Cardamonin.pdbqt.pdbqt_log.log <==
-----+------------+----------+----------
   1         -6.3      0.000      0.000
   2         -5.7     12.141     14.377
   3         -5.6      1.605      1.978
   4         -5.6     17.265     19.068
   5         -5.3     30.568     32.701
   6         -5.3     30.474     32.756
   7         -5.3     15.141     18.280
   8         -5.3     20.851     22.640
   9         -5.2      2.408      3.604
Writing output ... done.

==> 6440856_Goniothalamin.pdbqt.pdbqt_log.log <==
-----+------------+----------+----------
   1         -6.8      0.000      0.000
   2         -6.7      1.855      2.187
   3         -6.6      2.581      7.086
   4         -6.5     17.471     19.174
   5         -6.3     22.481     23.841
   6         -6.0      3.922      7.657
   7         -6.0      2.884      6.880
   8         -5.8      2.117      2.714
   9         -5.8     20.381     21.682
Writing output ... done.

==> 649_Dihydrouracil.pdbqt_log.log <==
-----+------------+----------+----------
   1         -4.3      0.000      0.000
   2         -3.9     19.526     20.179
   3         -3.7     16.465     16.899
   4         -3.5     28.384     29.094
   5         -3.5     13.749     14.123
   6         -3.4     13.114     13.981
   7         -3.3     12.354     13.103
   8         -3.2     13.186     13.949
   9         -3.2     12.817     13.828
Writing output ... done.

==> 6509753_ManzamineA.pdbqt.pdbqt_log.log <==
-----+------------+----------+----------
   1         -9.0      0.000      0.000
   2         -8.8      1.534      2.945
   3         -8.6     19.636     24.560
   4         -8.6      2.673      8.384
   5         -8.5      3.039      6.146
   6         -8.1      1.775      2.213
   7         -8.0      3.342      8.942
   8         -8.0      5.778     11.565
   9         -7.9     15.970     19.784
Writing output ... done.

==> 67499_Pyrazolo.pdbqt.pdbqt_log.log <==
-----+------------+----------+----------
   1         -4.7      0.000      0.000
   2         -4.6      2.419      3.397
   3         -4.6      2.559      3.730
   4         -4.2      5.011      6.576
   5         -4.2      3.695      5.192
   6         -4.0     25.958     26.526
   7         -3.9      2.377      3.441
   8         -3.9     20.969     21.042
   9         -3.8      4.725      6.116
Writing output ... done.

==> 68585259_Bis5fluorouracil.pdbqt.pdbqt_log.log <==
# 455-461                                                       #
#                                                               #
# DOI 10.1002/jcc.21334                                         #
#                                                               #
# Please see http://vina.scripps.edu for more information.      #
#################################################################

WARNING: The search space volume > 27000 Angstrom^3 (See FAQ)
Output will be 68585259_Bis5fluorouracil.pdbqt_out.pdbqt
Detected 8 CPUs
Reading input ... 
==> 71369791_5FluoroDione.pdbqt.pdbqt_log.log <==
-----+------------+----------+----------
   1         -5.3      0.000      0.000
   2         -5.1     10.945     11.542
   3         -4.8      2.388      5.367
   4         -4.7      5.979      7.267
   5         -4.7     22.258     23.532
   6         -4.7      5.778      6.758
   7         -4.6     10.731     11.509
   8         -4.5     11.403     12.376
   9         -4.4     15.040     18.021
Writing output ... done.

==> 7288_3Pentanone.pdbqt.pdbqt_log.log <==
-----+------------+----------+----------
   1         -3.6      0.000      0.000
   2         -3.4      3.734      5.001
   3         -3.1     20.378     21.010
   4         -3.1     20.191     20.980
   5         -2.9     26.662     27.163
   6         -2.9     36.429     36.944
   7         -2.9     19.941     20.368
   8         -2.8     20.895     20.989
   9         -2.5     19.280     19.475
Writing output ... done.

==> 73299_Hederagenin.pdbqt.pdbqt_log.log <==
-----+------------+----------+----------
   1         -8.0      0.000      0.000
   2         -7.3     20.851     26.039
   3         -7.2     18.878     24.546
   4         -7.1      2.079      8.166
   5         -7.0     19.388     22.223
   6         -6.9     19.692     23.021
   7         -6.9     19.258     24.576
   8         -6.8     28.593     30.941
   9         -6.7     19.521     24.259
Writing output ... done.

==> 73659_MaslinicAcid.pdbqt.pdbqt_log.log <==
-----+------------+----------+----------
   1         -7.9      0.000      0.000
   2         -7.6      5.414      8.395
   3         -7.4      2.645      4.066
   4         -7.3     24.790     27.543
   5         -7.2     19.435     22.590
   6         -7.1     19.630     23.571
   7         -7.0     22.206     25.427
   8         -7.0      1.627      2.140
   9         -6.9      2.465      8.243
Writing output ... done.

==> 76617_Cardol.pdbqt.pdbqt_log.log <==
-----+------------+----------+----------
   1         -5.2      0.000      0.000
   2         -4.8     26.290     27.964
   3         -4.8     11.281     12.480
   4         -4.7     10.384     11.196
   5         -4.6      7.678      8.143
   6         -4.3      4.714      7.953
   7         -4.2     12.687     15.180
   8         -4.1     26.698     27.486
   9         -4.1     26.247     32.027
Writing output ... done.

==> 85668777_Hyaluronidase.pdbqt.pdbqt_log.log <==
-----+------------+----------+----------
   1         -5.5      0.000      0.000
   2         -5.4     29.876     31.710
   3         -5.4      8.514     11.397
   4         -5.1      4.481      6.674
   5         -5.1     21.200     23.424
   6         -5.0      1.759      3.496
   7         -5.0      2.572      3.623
   8         -4.8      7.930     10.156
   9         -4.8      1.166      3.189
Writing output ... done.

==> 86311066_OplopantriolA.pdbqt.pdbqt_log.log <==
-----+------------+----------+----------
   1         -5.6      0.000      0.000
   2         -4.9     40.334     45.180
   3         -4.8      5.521      7.950
   4         -4.5     16.326     20.712
   5         -4.5     40.460     41.917
   6         -4.4     15.634     21.499
   7         -4.3     27.843     30.933
   8         -4.1      5.536      6.507
   9         -4.1     34.299     40.277
Writing output ... done.

==> 91746246_sitosterol.pdbqt.pdbqt_log.log <==
-----+------------+----------+----------
   1         -8.2      0.000      0.000
   2         -8.2      3.301      6.397
   3         -8.1     10.276     14.503
   4         -8.1      2.887      5.030
   5         -7.8     25.034     28.737
   6         -7.7      7.046     11.860
   7         -7.6      6.874     11.637
   8         -7.5     24.631     28.154
   9         -7.4      3.735      6.889
Writing output ... done.

==> 92041_2Ethoxy5fluorouracil.pdbqt.pdbqt_log.log <==
-----+------------+----------+----------
   1         -4.3      0.000      0.000
   2         -3.9     34.029     34.742
   3         -3.9     36.132     36.888
   4         -3.8     20.678     21.472
   5         -3.8      3.656      5.176
   6         -3.7      2.183      2.277
   7         -3.6     28.412     29.475
   8         -3.6     27.184     28.272
   9         -3.5     19.986     20.685
Writing output ... done.

==> 95716_6Bromoisatin.pdbqt.pdbqt_log.log <==
-----+------------+----------+----------
   1         -4.7      0.000      0.000
   2         -4.3     35.891     36.151
   3         -4.1     36.117     36.292
   4         -4.1     29.716     30.849
   5         -4.1     36.273     36.555
   6         -4.1     24.321     25.321
   7         -3.9     35.065     36.089
   8         -3.8     21.752     22.714
   9         -3.7     22.635     23.642
Writing output ... done.

==> 969516_Curcumin.pdbqt.pdbqt_log.log <==
-----+------------+----------+----------
   1         -7.1      0.000      0.000
   2         -7.1      7.644     10.291
   3         -7.0      7.406     12.424
   4         -6.8     19.396     22.865
   5         -6.8     19.747     20.451
   6         -6.7     20.405     21.605
   7         -6.7     11.014     12.810
   8         -6.6     21.511     25.576
   9         -6.5     21.663     22.966
Writing output ... done.

==> 971_OxalicAcid.pdbqt.pdbqt_log.log <==
-----+------------+----------+----------
   1         -3.6      0.000      0.000
   2         -3.6      3.814      4.539
   3         -3.5      1.833      3.205
   4         -3.5      1.619      2.124
   5         -3.3     29.020     30.001
   6         -3.2     19.535     20.597
   7         -3.2     19.278     20.098
   8         -3.1     18.672     19.583
   9         -3.1     21.736     22.747
Writing output ... done.

==> 9852185_GambogicAcid.pdbqt.pdbqt_log.log <==
-----+------------+----------+----------
   1         -7.0      0.000      0.000
   2         -7.0      4.248      9.222
   3         -6.9     26.429     30.488
   4         -6.7     25.967     29.897
   5         -6.5      7.782     11.062
   6         -6.4     26.567     31.223
   7         -6.3      7.385     12.831
   8         -6.3     12.823     16.060
   9         -6.3     12.437     16.190
Writing output ... done.

==> AFLATOXIN.pdbqt.pdbqt_log.log <==
-----+------------+----------+----------
   1         -8.3      0.000      0.000
   2         -7.7      1.738      4.086
   3         -7.0      2.719      5.713
   4         -7.0     14.090     16.694
   5         -6.9     23.963     26.625
   6         -6.8      2.171      6.663
   7         -6.7     18.169     20.296
   8         -6.7     34.856     38.218
   9         -6.6     14.714     17.718
Writing output ... done.

==> ANTIMONY.pdbqt.pdbqt_log.log <==
# 455-461                                                       #
#                                                               #
# DOI 10.1002/jcc.21334                                         #
#                                                               #
# Please see http://vina.scripps.edu for more information.      #
#################################################################

WARNING: The search space volume > 27000 Angstrom^3 (See FAQ)
Output will be ANTIMONY.pdbqt_out.pdbqt
Detected 8 CPUs
Reading input ... 
==> AZD4547.pdbqt.pdbqt_log.log <==
-----+------------+----------+----------
   1         -7.2      0.000      0.000
   2         -7.2      0.314      2.217
   3         -6.8     18.053     23.355
   4         -6.8     29.185     31.439
   5         -6.7      9.821     14.012
   6         -6.7     29.166     31.407
   7         -6.6      9.819     14.049
   8         -6.6     22.574     29.695
   9         -6.5     17.319     21.303
Writing output ... done.

==> BX795.pdbqt.pdbqt_log.log <==
-----+------------+----------+----------
   1         -6.2      0.000      0.000
   2         -6.1      3.270      6.377
   3         -5.9     20.014     22.909
   4         -5.9     25.815     28.690
   5         -5.8     27.023     30.681
   6         -5.7     25.997     30.982
   7         -5.6     26.508     30.246
   8         -5.5     31.404     33.056
   9         -5.3     37.796     39.859
Writing output ... done.

==> Belinostat.pdbqt.pdbqt_log.log <==
-----+------------+----------+----------
   1         -8.2      0.000      0.000
   2         -7.6      2.263      2.677
   3         -7.6      1.779      2.233
   4         -7.3     12.234     14.231
   5         -7.2     12.299     15.405
   6         -7.1      2.718      3.072
   7         -7.0      3.353      4.757
   8         -6.9      6.310      9.907
   9         -6.9     12.369     14.484
Writing output ... done.

==> Benzo[a]pyrene.pdbqt.pdbqt_log.log <==
-----+------------+----------+----------
   1         -9.3      0.000      0.000
   2         -8.8     18.033     19.918
   3         -8.8     17.788     19.875
   4         -8.6      0.827      1.263
   5         -8.6      0.787      3.058
   6         -7.8     17.808     18.540
   7         -7.8     17.885     18.766
   8         -7.6     29.252     31.975
   9         -7.6     29.264     31.943
Writing output ... done.

==> Bicalutamide.pdbqt.pdbqt_log.log <==
-----+------------+----------+----------
   1         -6.9      0.000      0.000
   2         -6.6     33.001     34.530
   3         -6.2     20.741     22.694
   4         -6.0     16.470     18.781
   5         -6.0     34.825     36.599
   6         -5.9     21.057     23.044
   7         -5.7     27.818     29.867
   8         -5.6     33.724     35.891
   9         -5.6     28.493     29.859
Writing output ... done.

==> Bisphenol_A.pdbqt.pdbqt_log.log <==
-----+------------+----------+----------
   1         -6.2      0.000      0.000
   2         -6.2      0.084      5.593
   3         -6.1     21.092     22.391
   4         -5.8      7.204     11.700
   5         -5.5     10.767     14.196
   6         -5.5     10.727     13.649
   7         -5.4      1.720      5.997
   8         -5.3     12.894     16.191
   9         -5.3     11.080     13.970
Writing output ... done.

==> CHEMBL35349.pdbqt.pdbqt_log.log <==
-----+------------+----------+----------
   1         -7.3      0.000      0.000
   2         -7.0      2.193      3.279
   3         -6.7      9.626     11.892
   4         -6.5     10.832     12.875
   5         -6.2     11.386     13.514
   6         -6.2     11.746     13.117
   7         -6.1     11.546     13.862
   8         -6.1      3.392      6.554
   9         -5.9     23.904     26.383
Writing output ... done.

==> CHROMIUM.pdbqt.pdbqt_log.log <==
# 455-461                                                       #
#                                                               #
# DOI 10.1002/jcc.21334                                         #
#                                                               #
# Please see http://vina.scripps.edu for more information.      #
#################################################################

WARNING: The search space volume > 27000 Angstrom^3 (See FAQ)
Output will be CHROMIUM.pdbqt_out.pdbqt
Detected 8 CPUs
Reading input ... 
==> COUMESTROL.pdbqt.pdbqt_log.log <==
-----+------------+----------+----------
   1         -8.0      0.000      0.000
   2         -7.7      0.868      6.162
   3         -7.5     38.836     40.220
   4         -6.8     38.802     40.958
   5         -6.8     38.581     41.429
   6         -6.4     27.239     28.815
   7         -6.3     16.512     16.733
   8         -6.2      4.288      9.085
   9         -6.1     27.221     28.677
Writing output ... done.

==> CP466722.pdbqt.pdbqt_log.log <==
-----+------------+----------+----------
   1         -8.7      0.000      0.000
   2         -7.7      2.635      6.535
   3         -7.7      2.683      6.695
   4         -7.0     19.624     21.631
   5         -7.0     22.131     23.310
   6         -6.8      2.951      7.166
   7         -6.6     19.904     21.743
   8         -6.5     19.602     21.508
   9         -6.3      5.050      9.394
Writing output ... done.

==> CadmiumAcetate.pdbqt.pdbqt_log.log <==
-----+------------+----------+----------
   1         -3.1      0.000      0.000
   2         -3.0      5.938      6.170
   3         -2.8      1.812      2.000
   4         -2.7      5.040      5.424
   5         -2.7     10.644     11.159
   6         -2.6     32.451     32.897
   7         -2.6     29.471     29.921
   8         -2.6      5.205      5.339
   9         -2.5     17.616     17.997
Writing output ... done.

==> Calcitriol.pdbqt.pdbqt_log.log <==
-----+------------+----------+----------
   1         -7.8      0.000      0.000
   2         -7.7      2.274      3.689
   3         -7.7      3.127      5.034
   4         -7.6      9.480     13.246
   5         -7.3      2.850      4.166
   6         -7.1     24.022     26.412
   7         -7.0     23.400     26.072
   8         -6.9     23.814     28.136
   9         -6.8      4.858     11.244
Writing output ... done.

==> Cardidigin.pdbqt_log.log <==
-----+------------+----------+----------
   1         -9.0      0.000      0.000
   2         -8.8      1.995      6.273
   3         -8.6     22.045     24.756
   4         -8.3     17.431     23.222
   5         -8.3      1.010      1.476
   6         -8.2     21.236     24.111
   7         -8.2     20.555     26.375
   8         -8.1     20.584     23.315
   9         -8.1      1.945      5.846
Writing output ... done.

==> Cdk12_Inhibitor.pdbqt.pdbqt_log.log <==
-----+------------+----------+----------
   1         -7.8      0.000      0.000
   2         -7.6      2.965      4.604
   3         -7.2      3.507      5.328
   4         -7.0     26.499     27.161
   5         -7.0      2.430      2.806
   6         -6.9     24.516     26.798
   7         -6.9     24.486     26.977
   8         -6.7      3.808      4.785
   9         -6.6     13.442     15.661
Writing output ... done.

==> Chlortetracycline.pdbqt.pdbqt_log.log <==
-----+------------+----------+----------
   1         -8.4      0.000      0.000
   2         -7.4      3.418      5.257
   3         -6.7     24.126     26.219
   4         -6.7     22.535     24.140
   5         -6.5      2.046      3.100
   6         -6.3     10.773     13.333
   7         -6.1     14.086     16.600
   8         -6.1      5.166     10.039
   9         -5.9     34.879     36.369
Writing output ... done.

==> Ciclopirox.pdbqt.pdbqt_log.log <==
-----+------------+----------+----------
   1         -7.1      0.000      0.000
   2         -7.0     12.326     13.812
   3         -5.8     14.072     15.463
   4         -5.7     14.587     17.353
   5         -5.4     13.866     15.067
   6         -5.3     10.959     12.935
   7         -5.2     19.097     19.881
   8         -5.2     11.933     14.092
   9         -5.1     20.420     21.521
Writing output ... done.

==> Clindamycin.pdbqt_log.log <==
-----+------------+----------+----------
   1         -5.9      0.000      0.000
   2         -5.7     21.979     24.099
   3         -5.5     16.559     18.193
   4         -5.3      9.644     12.125
   5         -5.3     16.396     18.006
   6         -5.0     16.719     18.175
   7         -5.0      8.914     11.769
   8         -4.8     21.717     23.447
   9         -4.7      9.947     12.723
Writing output ... done.

==> Cobimetinib.pdbqt_log.log <==
-----+------------+----------+----------
   1         -6.7      0.000      0.000
   2         -6.6      8.651     12.223
   3         -6.4     11.421     14.277
   4         -5.8     10.184     13.565
   5         -5.7      7.292      9.479
   6         -5.6     25.300     27.141
   7         -5.5     27.690     30.224
   8         -5.5     22.461     23.925
   9         -5.5      8.341     10.608
Writing output ... done.

==> Curcumin.pdbqt.pdbqt_log.log <==
-----+------------+----------+----------
   1         -6.9      0.000      0.000
   2         -6.8     19.848     20.511
   3         -6.8     19.415     22.862
   4         -6.7     20.438     23.931
   5         -6.6     20.648     23.105
   6         -6.6     20.645     24.350
   7         -6.3      5.980     12.314
   8         -6.2      1.073      2.510
   9         -6.1      6.999     11.885
Writing output ... done.

==> Cyclosporin_A.pdbqt.pdbqt_log.log <==
-----+------------+----------+----------
   1        -11.7      0.000      0.000
   2        -10.5      4.966     11.995
   3         -9.7      4.930     10.207
   4         -9.5      4.979     10.931
   5         -9.3     16.861     22.775
   6         -8.8     23.131     28.531
   7         -8.7     19.409     22.569
   8         -8.7     23.415     28.452
   9         -8.7     22.321     27.105
Writing output ... done.

==> Danazol.pdbqt.pdbqt_log.log <==
-----+------------+----------+----------
   1         -6.8      0.000      0.000
   2         -6.8      1.629      2.614
   3         -6.5      5.520      7.784
   4         -6.2     23.077     27.114
   5         -5.8     27.042     29.786
   6         -5.7      6.938      8.847
   7         -5.6     28.150     31.433
   8         -5.5     22.237     23.979
   9         -5.4     21.818     23.808
Writing output ... done.

==> Dasatinib.pdbqt.pdbqt_log.log <==
-----+------------+----------+----------
   1         -7.4      0.000      0.000
   2         -7.3     41.852     44.925
   3         -7.1      7.557     14.191
   4         -7.1     40.353     42.562
   5         -7.0     39.759     41.908
   6         -6.8     22.111     24.586
   7         -6.7     19.843     21.828
   8         -6.7      2.029      2.352
   9         -6.6     39.944     42.254
Writing output ... done.

==> Decitabine.pdbqt.pdbqt_log.log <==
-----+------------+----------+----------
   1         -5.9      0.000      0.000
   2         -5.1      7.091     10.215
   3         -5.0      4.418      6.240
   4         -5.0      2.726      4.144
   5         -4.9      1.677      2.758
   6         -4.7     45.004     46.113
   7         -4.7      2.142      2.897
   8         -4.6     11.774     13.392
   9         -4.6     47.027     48.055
Writing output ... done.

==> Deferoxamine.pdbqt.pdbqt_log.log <==
-----+------------+----------+----------
   1         -5.4      0.000      0.000
   2         -5.1      5.091      8.993
   3         -5.0      3.983      7.919
   4         -4.9     32.272     35.248
   5         -4.8     32.971     35.716
   6         -4.7     17.664     27.145
   7         -4.7      4.095      8.510
   8         -4.7     33.722     36.378
   9         -4.6     26.389     32.904
Writing output ... done.

==> Docetaxel.pdbqt_log.log <==
-----+------------+----------+----------
   1         -7.4      0.000      0.000
   2         -6.6      4.843      7.905
   3         -6.6      3.162      6.217
   4         -6.5      5.025      8.808
   5         -6.3     30.553     35.130
   6         -6.2      2.521      8.500
   7         -6.2      4.289      6.794
   8         -6.2      6.248      9.030
   9         -6.1     27.166     30.168
Writing output ... done.

==> Doxorubicin.pdbqt_log.log <==
-----+------------+----------+----------
   1         -8.3      0.000      0.000
   2         -7.6     16.864     19.615
   3         -7.1     22.675     25.162
   4         -7.0     26.245     28.609
   5         -6.9     21.014     24.072
   6         -6.7      1.882      2.322
   7         -6.6     21.016     24.024
   8         -6.5     24.186     28.243
   9         -6.5      4.745      8.193
Writing output ... done.

==> Dronabinol.pdbqt.pdbqt_log.log <==
-----+------------+----------+----------
   1         -6.5      0.000      0.000
   2         -6.2     23.457     26.023
   3         -6.2     24.006     25.629
   4         -6.2     15.061     16.753
   5         -6.1     24.776     28.752
   6         -6.1     25.039     27.448
   7         -5.9     22.293     25.375
   8         -5.9     25.642     29.540
   9         -5.7     25.773     29.712
Writing output ... done.

==> Ellipticine.pdbqt.pdbqt_log.log <==
-----+------------+----------+----------
   1         -7.8      0.000      0.000
   2         -7.0      2.110      6.398
   3         -6.7     12.703     16.046
   4         -6.6     20.999     22.829
   5         -6.6     12.818     16.041
   6         -6.6     27.660     29.068
   7         -6.5     21.365     23.537
   8         -6.5     23.025     25.307
   9         -6.5     20.573     22.201
Writing output ... done.

==> Enterolactone.pdbqt.pdbqt_log.log <==
-----+------------+----------+----------
   1         -8.0      0.000      0.000
   2         -6.9     21.872     22.626
   3         -6.8      5.016      7.720
   4         -6.8      5.852      8.123
   5         -6.6      2.988      4.339
   6         -6.4      9.302     11.885
   7         -6.4     16.306     19.255
   8         -6.3      9.427     12.007
   9         -6.2     14.797     18.244
Writing output ... done.

==> EpigallocatechinGallate.pdbqt_log.log <==
-----+------------+----------+----------
   1         -6.9      0.000      0.000
   2         -6.6     22.672     24.878
   3         -6.5      1.311      1.999
   4         -6.5      2.292      7.262
   5         -6.5      8.195     13.020
   6         -6.4      7.487     11.564
   7         -6.4      3.503      4.678
   8         -6.4     15.039     17.206
   9         -6.4      7.243     11.926
Writing output ... done.

==> Estradiol.pdbqt.pdbqt_log.log <==
-----+------------+----------+----------
   1         -8.2      0.000      0.000
   2         -6.9     30.615     33.176
   3         -6.6     37.495     39.282
   4         -6.4     35.184     36.605
   5         -6.4      4.263      6.413
   6         -6.4     38.038     39.709
   7         -6.3     30.772     33.420
   8         -6.2     33.512     35.113
   9         -6.0     35.342     36.143
Writing output ... done.

==> Etoposide.pdbqt_log.log <==
-----+------------+----------+----------
   1         -7.1      0.000      0.000
   2         -7.1     29.781     35.598
   3         -7.0     20.161     23.008
   4         -6.9     26.363     31.143
   5         -6.9     30.619     33.252
   6         -6.7      0.953      2.206
   7         -6.7     37.463     39.763
   8         -6.6     37.672     40.531
   9         -6.4     24.451     28.551
Writing output ... done.

==> Foretinib.pdbqt.pdbqt_log.log <==
-----+------------+----------+----------
   1         -8.0      0.000      0.000
   2         -7.9     21.045     22.699
   3         -7.8      3.554      5.883
   4         -7.8      2.806      3.800
   5         -7.7      3.733      4.885
   6         -7.2     24.756     29.386
   7         -7.1      2.563      3.800
   8         -7.1     19.990     22.492
   9         -7.1      7.131     11.115
Writing output ... done.

==> Fucoidan_Alaria.pdbqt_log.log <==
-----+------------+----------+----------
   1         -6.0      0.000      0.000
   2         -5.6      2.520      4.109
   3         -5.5      2.136      4.217
   4         -5.1      3.168      4.614
   5         -5.1     27.236     29.254
   6         -5.0     35.053     36.038
   7         -4.6     34.388     35.907
   8         -4.6     22.784     23.747
   9         -4.4     34.783     36.813
Writing output ... done.

==> Fulvestrant.pdbqt.pdbqt_log.log <==
-----+------------+----------+----------
   1         -6.9      0.000      0.000
   2         -6.6     21.749     27.874
   3         -6.4     24.918     27.060
   4         -6.3     17.776     25.256
   5         -6.3     22.988     27.985
   6         -6.1     18.838     24.795
   7         -6.1     12.911     17.027
   8         -6.1     10.758     12.856
   9         -6.0     14.114     18.890
Writing output ... done.

==> Gefitinib.pdbqt.pdbqt_log.log <==
-----+------------+----------+----------
   1         -5.8      0.000      0.000
   2         -5.6     36.652     39.884
   3         -5.3     17.910     19.488
   4         -5.3     17.504     19.760
   5         -5.1     18.151     20.633
   6         -5.1     28.927     31.327
   7         -5.0     13.036     15.302
   8         -5.0     37.699     40.796
   9         -5.0     17.508     19.632
Writing output ... done.

==> Genistein.pdbqt.pdbqt_log.log <==
-----+------------+----------+----------
   1         -6.4      0.000      0.000
   2         -6.3     23.940     25.677
   3         -6.1     31.675     35.060
   4         -6.1     15.392     17.706
   5         -6.1     30.976     34.054
   6         -5.8     29.285     32.471
   7         -5.7     25.540     28.945
   8         -5.5     29.113     31.530
   9         -5.4     56.192     58.063
Writing output ... done.

==> HydrogenPeroxide.pdbqt.pdbqt_log.log <==
-----+------------+----------+----------
   1         -2.8      0.000      0.000
   2         -2.6     15.522     15.882
   3         -2.5     16.652     16.726
   4         -2.5     27.115     27.251
   5         -2.4     11.507     11.590
   6         -2.4     20.592     21.088
   7         -2.4     14.841     14.890
   8         -2.4     30.921     31.339
   9         -2.3     25.238     25.729
Writing output ... done.

==> Hyoscyamine.pdbqt.pdbqt_log.log <==
-----+------------+----------+----------
   1         -5.7      0.000      0.000
   2         -5.3      8.698     11.304
   3         -5.2      5.816      8.467
   4         -5.2     34.424     36.513
   5         -5.1      7.711     11.280
   6         -5.1      7.864     10.578
   7         -5.1     13.446     16.765
   8         -5.0     19.706     21.514
   9         -5.0     23.431     24.714
Writing output ... done.

==> IPA3.pdbqt.pdbqt_log.log <==
-----+------------+----------+----------
   1         -6.1      0.000      0.000
   2         -5.8     38.287     40.100
   3         -5.8     14.399     16.823
   4         -5.7     23.551     25.411
   5         -5.7     23.469     25.434
   6         -5.6     25.683     28.113
   7         -5.5     34.103     36.228
   8         -5.5     17.014     19.268
   9         -5.5     34.495     36.526
Writing output ... done.

==> Icariin.pdbqt_log.log <==
-----+------------+----------+----------
   1         -7.3      0.000      0.000
   2         -7.0      5.784     13.295
   3         -6.8     11.123     17.166
   4         -6.5      9.466     16.766
   5         -6.4      8.113     15.869
   6         -6.4      4.540      9.396
   7         -6.3      6.367     11.231
   8         -6.3     11.687     18.127
   9         -6.3     15.793     18.204
Writing output ... done.

==> Indigocarpan.pdbqt_log.log <==
-----+------------+----------+----------
   1         -7.1      0.000      0.000
   2         -6.5      2.660      4.014
   3         -6.4     26.098     27.938
   4         -6.3     25.728     27.748
   5         -6.2     33.312     35.649
   6         -6.1     33.133     35.460
   7         -6.0     33.557     35.223
   8         -5.7     21.212     23.112
   9         -5.6     26.961     28.782
Writing output ... done.

==> IndirubinDerivative.pdbqt_log.log <==
-----+------------+----------+----------
   1         -6.6      0.000      0.000
   2         -6.4      2.840      6.464
   3         -6.0      2.975      5.700
   4         -6.0     21.679     24.097
   5         -6.0     21.386     23.234
   6         -5.9     21.670     23.561
   7         -5.9     24.880     28.371
   8         -5.8      2.221      5.991
   9         -5.8      3.807      7.370
Writing output ... done.

==> Irinotecan.pdbqt_log.log <==
-----+------------+----------+----------
   1         -7.8      0.000      0.000
   2         -7.7     29.578     32.268
   3         -7.1      1.995      3.918
   4         -7.1     13.164     17.159
   5         -7.0     20.750     26.704
   6         -7.0     42.913     47.586
   7         -7.0     42.155     46.983
   8         -6.9     37.308     40.912
   9         -6.7     29.486     31.904
Writing output ... done.

==> IrinotecanHydrochloride.pdbqt_log.log <==
-----+------------+----------+----------
   1         -9.3      0.000      0.000
   2         -8.7      1.748      2.484
   3         -8.0     25.898     28.688
   4         -7.9     33.147     37.241
   5         -7.7     29.113     31.669
   6         -7.6      8.314     18.378
   7         -7.6      3.734      5.787
   8         -7.5     31.987     36.759
   9         -7.2     10.253     16.252
Writing output ... done.

==> Isoledene.pdbqt_log.log <==
-----+------------+----------+----------
   1         -5.7      0.000      0.000
   2         -5.5     17.463     18.801
   3         -5.5     25.521     27.475
   4         -5.4     24.921     28.199
   5         -5.3     25.382     28.118
   6         -5.3     30.780     32.569
   7         -5.2     16.312     17.892
   8         -5.1     21.890     24.741
   9         -5.1     16.789     18.368
Writing output ... done.

==> JAK3_Inhibitor.pdbqt.pdbqt_log.log <==
-----+------------+----------+----------
   1         -7.2      0.000      0.000
   2         -7.2      7.707     11.303
   3         -6.9     31.603     34.196
   4         -6.6     26.600     28.763
   5         -6.5      6.699     10.017
   6         -6.3     29.491     32.135
   7         -6.3     20.382     23.304
   8         -6.3     30.696     33.269
   9         -6.1      2.616      6.902
Writing output ... done.

==> LUCANTHONE.pdbqt.pdbqt_log.log <==
-----+------------+----------+----------
   1         -5.9      0.000      0.000
   2         -5.8     29.851     33.070
   3         -5.7      1.088      1.589
   4         -5.5     44.888     45.937
   5         -5.2     28.176     31.806
   6         -5.2     27.881     31.042
   7         -5.0     24.429     27.997
   8         -4.9     28.783     32.187
   9         -4.8     23.515     24.520
Writing output ... done.

==> Leptomycin.pdbqt.pdbqt_log.log <==
-----+------------+----------+----------
   1         -5.6      0.000      0.000
   2         -5.2     38.618     42.624
   3         -5.2     33.311     36.212
   4         -5.1     17.979     21.963
   5         -4.9     35.039     37.742
   6         -4.9      2.984      6.825
   7         -4.9      4.081      7.733
   8         -4.7      2.523      6.289
   9         -4.7     29.177     33.200
Writing output ... done.

==> Lobelin.pdbqt.pdbqt_log.log <==
-----+------------+----------+----------
   1         -7.9      0.000      0.000
   2         -7.8      0.451      7.998
   3         -7.5     20.854     23.635
   4         -7.0     14.254     16.659
   5         -6.8      2.425      8.145
   6         -6.8      4.489      8.836
   7         -6.8      2.981      8.484
   8         -6.8      5.808      9.582
   9         -6.8     15.697     18.075
Writing output ... done.

==> MERCURY.pdbqt.pdbqt_log.log <==
-----+------------+----------+----------
   1         -1.5      0.000      0.000
   2         -1.3     25.075     25.075
   3         -1.2     13.483     13.483
   4         -1.2     21.599     21.599
   5         -1.2     24.710     24.710
   6         -1.2     22.810     22.810
   7         -1.1     25.042     25.042
   8         -1.1     35.880     35.880
   9         -1.1     24.577     24.577
Writing output ... done.

==> MG132.pdbqt_log.log <==
-----+------------+----------+----------
   1         -7.7      0.000      0.000
   2         -7.1      2.312      4.756
   3         -6.9      2.661      4.858
   4         -6.6     31.492     34.371
   5         -6.6     13.692     15.614
   6         -6.5     31.663     35.616
   7         -6.4     32.792     35.252
   8         -6.4     31.592     34.080
   9         -6.3      3.104      5.926
Writing output ... done.

==> MeIQx.pdbqt.pdbqt_log.log <==
-----+------------+----------+----------
   1         -6.7      0.000      0.000
   2         -6.6      1.527      5.640
   3         -6.5      2.227      3.983
   4         -5.5     20.546     21.258
   5         -5.1     19.494     21.422
   6         -5.1     20.385     21.531
   7         -4.9     24.673     26.614
   8         -4.8     23.702     25.696
   9         -4.8     14.560     15.641
Writing output ... done.

==> Methotrexate.pdbqt.pdbqt_log.log <==
-----+------------+----------+----------
   1         -8.0      0.000      0.000
   2         -7.5     37.779     40.145
   3         -7.3     36.450     38.515
   4         -7.3     36.205     38.192
   5         -6.9     39.353     41.560
   6         -6.9     21.882     24.257
   7         -6.8     41.284     43.321
   8         -6.8     41.284     43.191
   9         -6.8      5.849     11.733
Writing output ... done.

==> Monobenzone.pdbqt.pdbqt_log.log <==
-----+------------+----------+----------
   1         -6.5      0.000      0.000
   2         -6.0      2.219      5.949
   3         -5.6     13.525     15.838
   4         -5.5     33.106     34.858
   5         -5.2     21.064     22.556
   6         -4.9     15.284     15.995
   7         -4.8     33.666     35.020
   8         -4.8     33.492     35.375
   9         -4.8     16.110     17.119
Writing output ... done.

==> Nickel.pdbqt.pdbqt_log.log <==
-----+------------+----------+----------
   1         -1.5      0.000      0.000
   2         -1.3     25.073     25.073
   3         -1.2     13.484     13.484
   4         -1.2     21.597     21.597
   5         -1.2     24.710     24.710
   6         -1.2     22.808     22.808
   7         -1.2     30.861     30.861
   8         -1.1      7.723      7.723
   9         -1.1     40.845     40.845
Writing output ... done.

==> OTSSP167.pdbqt.pdbqt_log.log <==
-----+------------+----------+----------
   1         -8.2      0.000      0.000
   2         -7.6     15.076     18.780
   3         -7.5     14.454     16.028
   4         -7.3     16.281     19.815
   5         -7.2     14.967     18.640
   6         -6.9     32.200     35.511
   7         -6.9     17.514     21.382
   8         -6.9      3.556      4.615
   9         -6.8      3.583      4.658
Writing output ... done.

==> OkadaicAcid.pdbqt_log.log <==
-----+------------+----------+----------
   1         -7.3      0.000      0.000
   2         -7.3      2.017      2.868
   3         -6.8      2.757      3.488
   4         -5.9      4.598      5.719
   5         -5.5     20.660     21.891
   6         -5.4     24.717     25.514
   7         -5.4     15.863     16.865
   8         -5.4      5.056      6.342
   9         -5.2     14.707     15.713
Writing output ... done.

==> Oxymatrine.pdbqt_log.log <==
-----+------------+----------+----------
   1         -6.6      0.000      0.000
   2         -6.3     24.490     25.770
   3         -5.9     34.491     35.890
   4         -5.8     17.032     19.116
   5         -5.8     18.458     20.760
   6         -5.7     23.989     25.039
   7         -5.4     28.170     30.217
   8         -5.4     31.287     32.473
   9         -5.4     18.164     20.767
Writing output ... done.

==> PKR_Inhibitor.pdbqt.pdbqt_log.log <==
-----+------------+----------+----------
   1         -6.8      0.000      0.000
   2         -6.6      1.867      2.185
   3         -6.0     22.564     25.590
   4         -6.0     36.602     38.710
   5         -5.9     12.813     14.757
   6         -5.9     45.880     47.645
   7         -5.7     34.753     37.047
   8         -5.6     45.698     47.471
   9         -5.5     23.070     25.014
Writing output ... done.

==> Paclitaxel.pdbqt_log.log <==
-----+------------+----------+----------
   1         -6.9      0.000      0.000
   2         -6.6      3.161      8.744
   3         -6.6      3.439      5.029
   4         -6.5      3.854      7.526
   5         -6.3      4.453      9.716
   6         -6.3      2.489      4.365
   7         -6.3     22.629     26.975
   8         -6.3      2.662      8.600
   9         -6.3      3.407      8.497
Writing output ... done.

==> Peiminine.pdbqt_log.log <==
-----+------------+----------+----------
   1         -8.5      0.000      0.000
   2         -8.1     20.541     23.095
   3         -7.7      7.661     12.884
   4         -7.5      2.469      3.446
   5         -7.4      4.908     10.289
   6         -7.4      5.712     10.036
   7         -7.3     11.353     14.777
   8         -7.2      8.447     10.653
   9         -7.2     11.300     15.346
Writing output ... done.

==> PhIP.pdbqt.pdbqt_log.log <==
-----+------------+----------+----------
   1         -8.1      0.000      0.000
   2         -6.8      2.644      4.354
   3         -6.5      3.561      6.651
   4         -6.3     15.916     18.012
   5         -6.1      4.630      6.491
   6         -6.0     16.797     18.974
   7         -5.9     27.454     28.558
   8         -5.9     29.657     31.936
   9         -5.8      6.481     10.528
Writing output ... done.

==> Phytoestrogens.pdbqt_log.log <==
# 455-461                                                       #
#                                                               #
# DOI 10.1002/jcc.21334                                         #
#                                                               #
# Please see http://vina.scripps.edu for more information.      #
#################################################################

WARNING: The search space volume > 27000 Angstrom^3 (See FAQ)
Output will be Phytoestrogens_out.pdbqt
Detected 8 CPUs
Reading input ... 
==> Piroxicam.pdbqt.pdbqt_log.log <==
-----+------------+----------+----------
   1         -7.3      0.000      0.000
   2         -6.6     22.346     26.416
   3         -6.3     35.420     36.445
   4         -6.1     21.353     22.535
   5         -6.1     21.764     22.638
   6         -5.9     18.786     20.037
   7         -5.8     36.343     38.042
   8         -5.6     31.997     33.864
   9         -5.5     35.552     36.743
Writing output ... done.

==> Procyanidin.pdbqt_log.log <==
-----+------------+----------+----------
   1         -8.8      0.000      0.000
   2         -8.2     35.954     38.598
   3         -7.9     36.012     40.134
   4         -7.7      3.073      5.033
   5         -7.7     35.345     38.875
   6         -7.6      1.556      2.283
   7         -7.5     15.837     18.636
   8         -7.5     36.348     40.238
   9         -7.4     35.406     38.311
Writing output ... done.

==> Progesterone.pdbqt.pdbqt_log.log <==
-----+------------+----------+----------
   1         -5.8      0.000      0.000
   2         -5.8     34.999     37.549
   3         -5.6     37.894     41.423
   4         -5.6      3.701      5.576
   5         -5.5     35.305     37.275
   6         -5.5     44.170     47.908
   7         -5.4      2.538      3.477
   8         -5.3      2.764      3.830
   9         -5.2     34.864     37.243
Writing output ... done.

==> Quercetin.pdbqt.pdbqt_log.log <==
-----+------------+----------+----------
   1         -7.3      0.000      0.000
   2         -6.9     20.906     22.084
   3         -6.4     22.343     23.561
   4         -6.4     23.198     24.643
   5         -6.4      3.229      4.736
   6         -6.1     23.704     26.248
   7         -6.1      4.780      7.602
   8         -6.0     10.701     13.422
   9         -5.8     21.994     23.036
Writing output ... done.

==> Quercitrin.pdbqt_log.log <==
-----+------------+----------+----------
   1         -8.4      0.000      0.000
   2         -8.1     35.615     38.823
   3         -7.7     36.118     37.755
   4         -7.7      3.468      6.356
   5         -7.6     16.059     18.097
   6         -7.5     34.307     38.529
   7         -7.4      3.498      6.940
   8         -7.4     36.381     38.008
   9         -7.4     21.590     26.253
Writing output ... done.

==> RenieramycinM.pdbqt_log.log <==
-----+------------+----------+----------
   1         -6.6      0.000      0.000
   2         -6.6      2.698      6.782
   3         -6.4      1.967      6.855
   4         -6.3      6.043     10.681
   5         -6.3      4.392      9.044
   6         -6.3      9.644     13.085
   7         -6.2      5.851     10.158
   8         -6.0     18.059     22.573
   9         -5.9      6.611     11.908
Writing output ... done.

==> Resveratrol.pdbqt.pdbqt_log.log <==
-----+------------+----------+----------
   1         -6.9      0.000      0.000
   2         -6.6      1.945      7.738
   3         -6.5     17.292     19.249
   4         -6.4     15.125     17.999
   5         -5.9     16.357     17.735
   6         -5.9     35.173     35.901
   7         -5.7      5.394      7.053
   8         -5.5     20.982     22.647
   9         -5.5     27.101     31.246
Writing output ... done.

==> RetinoicAcid.pdbqt.pdbqt_log.log <==
-----+------------+----------+----------
   1         -7.2      0.000      0.000
   2         -7.0      1.796      2.268
   3         -7.0      1.299      2.568
   4         -6.5      2.553      3.615
   5         -6.0     10.277     14.757
   6         -6.0      4.912      9.304
   7         -6.0     10.164     14.552
   8         -6.0     25.691     27.950
   9         -5.9      5.698      8.074
Writing output ... done.

==> SB_202190.pdbqt.pdbqt_log.log <==
-----+------------+----------+----------
   1         -7.3      0.000      0.000
   2         -7.2      2.289      4.336
   3         -7.1      2.614      2.942
   4         -7.1     22.148     24.852
   5         -7.1      3.972      7.496
   6         -7.0      2.406      4.325
   7         -6.9      4.155      7.317
   8         -6.8     10.476     13.260
   9         -6.7     25.094     28.134
Writing output ... done.

==> Simvastatin.pdbqt.pdbqt_log.log <==
-----+------------+----------+----------
   1         -7.4      0.000      0.000
   2         -6.9      2.803      7.330
   3         -6.9     23.347     26.539
   4         -6.8      7.023      9.089
   5         -6.8      2.621      5.692
   6         -6.7      3.949      6.805
   7         -6.7      9.910     14.630
   8         -6.7      3.017      5.074
   9         -6.7      7.930     10.287
Writing output ... done.

==> Staurosporine.pdbqt.pdbqt_log.log <==
-----+------------+----------+----------
   1         -8.5      0.000      0.000
   2         -8.1      6.313     10.824
   3         -7.4      1.676      5.539
   4         -7.3     22.610     25.068
   5         -7.1     23.335     25.741
   6         -7.0     22.261     24.624
   7         -7.0      7.864     11.311
   8         -6.9      2.454      6.172
   9         -6.8     23.231     26.017
Writing output ... done.

==> Testosterone.pdbqt.pdbqt_log.log <==
-----+------------+----------+----------
   1         -6.0      0.000      0.000
   2         -5.9      3.135      4.076
   3         -5.9     24.045     27.799
   4         -5.7      4.026      6.565
   5         -5.6     16.049     19.009
   6         -5.5      7.334      9.565
   7         -5.5     31.267     34.121
   8         -5.4     25.576     29.505
   9         -5.3     32.475     35.420
Writing output ... done.

==> Tetrachloroethylene.pdbqt.pdbqt_log.log <==
-----+------------+----------+----------
   1         -3.9      0.000      0.000
   2         -3.8      0.237      2.392
   3         -3.7      0.754      2.627
   4         -3.4      1.167      2.864
   5         -3.3      2.696      4.062
   6         -3.3      1.960      4.017
   7         -3.2      2.078      3.428
   8         -3.2     19.776     20.466
   9         -3.1     19.043     19.755
Writing output ... done.

==> Thalidomide.pdbqt.pdbqt_log.log <==
-----+------------+----------+----------
   1         -7.1      0.000      0.000
   2         -6.8     20.101     22.023
   3         -6.6      0.564      2.082
   4         -6.4     20.181     22.183
   5         -6.1     25.163     27.016
   6         -6.0     32.356     33.813
   7         -6.0     22.591     24.383
   8         -6.0     24.693     26.541
   9         -5.9     35.573     36.999
Writing output ... done.

==> Thapsigargin.pdbqt.pdbqt_log.log <==
-----+------------+----------+----------
   1         -7.2      0.000      0.000
   2         -7.1     24.496     29.372
   3         -6.8      6.961     13.835
   4         -6.5     23.374     28.370
   5         -6.4     27.761     32.434
   6         -6.4     20.275     23.305
   7         -6.3     25.009     30.096
   8         -6.3      3.798      9.967
   9         -6.1     38.791     40.959
Writing output ... done.

==> Thioguanosine.pdbqt.pdbqt_log.log <==
-----+------------+----------+----------
   1         -5.5      0.000      0.000
   2         -4.6     23.191     25.259
   3         -4.6      1.197      2.644
   4         -4.5      1.813      2.255
   5         -4.4     20.153     21.886
   6         -4.3     28.256     29.132
   7         -4.3     22.055     23.841
   8         -4.2     39.732     40.496
   9         -4.2     26.618     28.133
Writing output ... done.

==> Trichostatin_A.pdbqt.pdbqt_log.log <==
-----+------------+----------+----------
   1         -6.1      0.000      0.000
   2         -6.0     10.828     15.538
   3         -5.9     29.281     31.800
   4         -5.7      7.930     12.384
   5         -5.6     28.623     31.845
   6         -5.6     13.392     17.481
   7         -5.6     24.581     26.349
   8         -5.5     26.149     28.366
   9         -5.5     31.042     33.417
Writing output ... done.

==> Trifluridine.pdbqt.pdbqt_log.log <==
-----+------------+----------+----------
   1         -6.5      0.000      0.000
   2         -6.2     33.933     35.399
   3         -5.8     33.491     34.856
   4         -5.8      2.190      2.809
   5         -5.7     34.200     34.849
   6         -5.6     20.447     21.656
   7         -5.6     34.385     34.834
   8         -5.5     31.704     32.919
   9         -5.4     16.935     18.016
Writing output ... done.

==> Troglitazone.pdbqt.pdbqt_log.log <==
-----+------------+----------+----------
   1         -9.4      0.000      0.000
   2         -7.6      4.712     10.387
   3         -7.6     22.151     24.463
   4         -7.5      3.743      4.689
   5         -7.3     21.911     24.012
   6         -7.3      4.789      5.390
   7         -7.2      5.354     10.176
   8         -7.1      3.634      6.641
   9         -7.0      6.178     10.682
Writing output ... done.

==> Vinblastine.pdbqt_log.log <==
-----+------------+----------+----------
   1         -7.2      0.000      0.000
   2         -6.7     22.207     27.236
   3         -6.7     26.919     32.925
   4         -6.7      3.670     10.426
   5         -6.6     25.700     31.879
   6         -6.3     36.364     40.670
   7         -6.2     28.067     32.339
   8         -6.2     37.618     41.755
   9         -6.2     36.573     41.005
Writing output ... done.

==> Vorinostat.pdbqt.pdbqt_log.log <==
-----+------------+----------+----------
   1         -5.9      0.000      0.000
   2         -5.7     20.091     20.565
   3         -5.3     19.640     20.054
   4         -5.3     20.508     23.761
   5         -5.1      9.755     11.031
   6         -5.0      6.902     12.339
   7         -5.0     20.006     22.722
   8         -5.0     21.593     25.000
   9         -4.8      3.891     12.834
Writing output ... done.
